7 0 82
7 0 64
7 0 3
6 0 4
3 1 4
9 0 1
3 1 5
9 0 1
2 0 0
7 0 26
7 0 11
6 0 6
3 0 4
1 0 0
2 0 13
8 0 21
3 0 4
3 0 5
2 0 3
4 0 4
7 0 12
3 0 4
3 0 5
2 0 2
4 0 0
2 0 0
6 0 7
3 0 4
3 0 5
2 0 10
8 0 38
3 0 4
4 0 6
3 0 5
4 0 4
3 0 6
4 0 5
7 0 38
3 0 4
3 0 5
4 0 12
4 0 11
5 0 10
6 0 1
4 0 6
3 0 6
1 0 0
2 0 9
8 0 61
3 0 5
4 0 4
3 0 6
4 0 5
3 0 4
3 0 5
4 0 12
4 0 11
5 0 10
6 0 1
4 0 6
7 0 45
3 0 5
4 0 0
2 0 0
6 0 7
3 0 4
3 0 5
4 0 12
4 0 11
5 0 9
6 0 1
4 0 6
3 0 4
3 0 6
2 0 5
4 0 4
3 0 5
3 0 6
2 0 5
4 0 5
5 0 2
2 0 0
6 0 6
10 0 2
4 0 4
10 0 2
4 0 5
3 0 4
3 0 5
4 0 11
4 0 10
5 0 1
11 0 3
