0	JMP	0	82
1	JMP	0	64
2	JMP	0	3
3	INC	0	4
4	LOD	1	4
5	SIO	0	1
6	LOD	1	5
7	SIO	0	1
8	OPR	0	0 (RET)
9	JMP	0	26
10	JMP	0	11
11	INC	0	6
12	LOD	0	4
13	LIT	0	0
14	OPR	0	13 (GEQ)
15	JPC	0	21
16	LOD	0	4
17	LOD	0	5
18	OPR	0	3 (SUB)
19	STO	0	4
20	JMP	0	12
21	LOD	0	4
22	LOD	0	5
23	OPR	0	2 (ADD)
24	STO	0	0
25	OPR	0	0 (RET)
26	INC	0	7
27	LOD	0	4
28	LOD	0	5
29	OPR	0	10 (LSS)
30	JPC	0	38
31	LOD	0	4
32	STO	0	6
33	LOD	0	5
34	STO	0	4
35	LOD	0	6
36	STO	0	5
37	JMP	0	38
38	INC	0	4
39	LOD	0	4
40	LOD	0	5
41	INC	0	-6
42	CAL	0	10
43	INC	0	1
44	STO	0	6
45	LOD	0	6
46	LIT	0	0
47	OPR	0	9 (NEQ)
48	JPC	0	61
49	LOD	0	5
50	STO	0	4
51	LOD	0	6
52	STO	0	5
53	INC	0	4
54	LOD	0	4
55	LOD	0	5
56	INC	0	-6
57	CAL	0	10
58	INC	0	1
59	STO	0	6
60	JMP	0	45
61	LOD	0	5
62	STO	0	0
63	OPR	0	0 (RET)
64	INC	0	7
65	INC	0	4
66	LOD	0	4
67	LOD	0	5
68	INC	0	-6
69	CAL	0	9
70	INC	0	1
71	STO	0	6
72	LOD	0	4
73	LOD	0	6
74	OPR	0	5 (DIV)
75	STO	0	4
76	LOD	0	5
77	LOD	0	6
78	OPR	0	5 (DIV)
79	STO	0	5
80	CAL	0	2
81	OPR	0	0 (RET)
82	INC	0	6
83	SIO	0	2
84	STO	0	4
85	SIO	0	2
86	STO	0	5
87	INC	0	4
88	LOD	0	4
89	LOD	0	5
90	INC	0	-6
91	CAL	0	1
92	SIO	0	3
  0 JMP   0  82  82   1   0	
 82 INC   0   6  83   1   6	0 0 0 0 0 0 
 83 SIO   0   2  84   1   7	0 0 0 0 0 0 6 
 84 STO   0   4  85   1   6	0 0 0 0 6 0 
 85 SIO   0   2  86   1   7	0 0 0 0 6 0 4 
 86 STO   0   5  87   1   6	0 0 0 0 6 4 
 87 INC   0   4  88   1  10	0 0 0 0 6 4 4 0 0 0 
 88 LOD   0   4  89   1  11	0 0 0 0 6 4 4 0 0 0 6 
 89 LOD   0   5  90   1  12	0 0 0 0 6 4 4 0 0 0 6 4 
 90 INC   0  -6  91   1   6	0 0 0 0 6 4 
 91 CAL   0   1   1   7   6	0 0 0 0 6 4 
  1 JMP   0  64  64   7   6	0 0 0 0 6 4 
 64 INC   0   7  65   7  13	0 0 0 0 6 4 | 0 1 1 92 6 4 0 
 65 INC   0   4  66   7  17	0 0 0 0 6 4 | 0 1 1 92 6 4 0 0 0 0 0 
 66 LOD   0   4  67   7  18	0 0 0 0 6 4 | 0 1 1 92 6 4 0 0 0 0 0 6 
 67 LOD   0   5  68   7  19	0 0 0 0 6 4 | 0 1 1 92 6 4 0 0 0 0 0 6 4 
 68 INC   0  -6  69   7  13	0 0 0 0 6 4 | 0 1 1 92 6 4 0 
 69 CAL   0   9   9  14  13	0 0 0 0 6 4 | 0 1 1 92 6 4 0 
  9 JMP   0  26  26  14  13	0 0 0 0 6 4 | 0 1 1 92 6 4 0 
 26 INC   0   7  27  14  20	0 0 0 0 6 4 | 0 1 1 92 6 4 0 | 0 7 7 70 6 4 0 
 27 LOD   0   4  28  14  21	0 0 0 0 6 4 | 0 1 1 92 6 4 0 | 0 7 7 70 6 4 0 6 
 28 LOD   0   5  29  14  22	0 0 0 0 6 4 | 0 1 1 92 6 4 0 | 0 7 7 70 6 4 0 6 4 
 29 OPR   0  10  30  14  21	0 0 0 0 6 4 | 0 1 1 92 6 4 0 | 0 7 7 70 6 4 0 0 
 30 JPC   0  38  38  14  20	0 0 0 0 6 4 | 0 1 1 92 6 4 0 | 0 7 7 70 6 4 0 
 38 INC   0   4  39  14  24	0 0 0 0 6 4 | 0 1 1 92 6 4 0 | 0 7 7 70 6 4 0 0 4 0 0 
 39 LOD   0   4  40  14  25	0 0 0 0 6 4 | 0 1 1 92 6 4 0 | 0 7 7 70 6 4 0 0 4 0 0 6 
 40 LOD   0   5  41  14  26	0 0 0 0 6 4 | 0 1 1 92 6 4 0 | 0 7 7 70 6 4 0 0 4 0 0 6 4 
 41 INC   0  -6  42  14  20	0 0 0 0 6 4 | 0 1 1 92 6 4 0 | 0 7 7 70 6 4 0 
 42 CAL   0  10  10  21  20	0 0 0 0 6 4 | 0 1 1 92 6 4 0 | 0 7 7 70 6 4 0 
 10 JMP   0  11  11  21  20	0 0 0 0 6 4 | 0 1 1 92 6 4 0 | 0 7 7 70 6 4 0 
 11 INC   0   6  12  21  26	0 0 0 0 6 4 | 0 1 1 92 6 4 0 | 0 7 7 70 6 4 0 | 0 14 14 43 6 4 
 12 LOD   0   4  13  21  27	0 0 0 0 6 4 | 0 1 1 92 6 4 0 | 0 7 7 70 6 4 0 | 0 14 14 43 6 4 6 
 13 LIT   0   0  14  21  28	0 0 0 0 6 4 | 0 1 1 92 6 4 0 | 0 7 7 70 6 4 0 | 0 14 14 43 6 4 6 0 
 14 OPR   0  13  15  21  27	0 0 0 0 6 4 | 0 1 1 92 6 4 0 | 0 7 7 70 6 4 0 | 0 14 14 43 6 4 1 
 15 JPC   0  21  16  21  26	0 0 0 0 6 4 | 0 1 1 92 6 4 0 | 0 7 7 70 6 4 0 | 0 14 14 43 6 4 
 16 LOD   0   4  17  21  27	0 0 0 0 6 4 | 0 1 1 92 6 4 0 | 0 7 7 70 6 4 0 | 0 14 14 43 6 4 6 
 17 LOD   0   5  18  21  28	0 0 0 0 6 4 | 0 1 1 92 6 4 0 | 0 7 7 70 6 4 0 | 0 14 14 43 6 4 6 4 
 18 OPR   0   3  19  21  27	0 0 0 0 6 4 | 0 1 1 92 6 4 0 | 0 7 7 70 6 4 0 | 0 14 14 43 6 4 2 
 19 STO   0   4  20  21  26	0 0 0 0 6 4 | 0 1 1 92 6 4 0 | 0 7 7 70 6 4 0 | 0 14 14 43 2 4 
 20 JMP   0  12  12  21  26	0 0 0 0 6 4 | 0 1 1 92 6 4 0 | 0 7 7 70 6 4 0 | 0 14 14 43 2 4 
 12 LOD   0   4  13  21  27	0 0 0 0 6 4 | 0 1 1 92 6 4 0 | 0 7 7 70 6 4 0 | 0 14 14 43 2 4 2 
 13 LIT   0   0  14  21  28	0 0 0 0 6 4 | 0 1 1 92 6 4 0 | 0 7 7 70 6 4 0 | 0 14 14 43 2 4 2 0 
 14 OPR   0  13  15  21  27	0 0 0 0 6 4 | 0 1 1 92 6 4 0 | 0 7 7 70 6 4 0 | 0 14 14 43 2 4 1 
 15 JPC   0  21  16  21  26	0 0 0 0 6 4 | 0 1 1 92 6 4 0 | 0 7 7 70 6 4 0 | 0 14 14 43 2 4 
 16 LOD   0   4  17  21  27	0 0 0 0 6 4 | 0 1 1 92 6 4 0 | 0 7 7 70 6 4 0 | 0 14 14 43 2 4 2 
 17 LOD   0   5  18  21  28	0 0 0 0 6 4 | 0 1 1 92 6 4 0 | 0 7 7 70 6 4 0 | 0 14 14 43 2 4 2 4 
 18 OPR   0   3  19  21  27	0 0 0 0 6 4 | 0 1 1 92 6 4 0 | 0 7 7 70 6 4 0 | 0 14 14 43 2 4 -2 
 19 STO   0   4  20  21  26	0 0 0 0 6 4 | 0 1 1 92 6 4 0 | 0 7 7 70 6 4 0 | 0 14 14 43 -2 4 
 20 JMP   0  12  12  21  26	0 0 0 0 6 4 | 0 1 1 92 6 4 0 | 0 7 7 70 6 4 0 | 0 14 14 43 -2 4 
 12 LOD   0   4  13  21  27	0 0 0 0 6 4 | 0 1 1 92 6 4 0 | 0 7 7 70 6 4 0 | 0 14 14 43 -2 4 -2 
 13 LIT   0   0  14  21  28	0 0 0 0 6 4 | 0 1 1 92 6 4 0 | 0 7 7 70 6 4 0 | 0 14 14 43 -2 4 -2 0 
 14 OPR   0  13  15  21  27	0 0 0 0 6 4 | 0 1 1 92 6 4 0 | 0 7 7 70 6 4 0 | 0 14 14 43 -2 4 0 
 15 JPC   0  21  21  21  26	0 0 0 0 6 4 | 0 1 1 92 6 4 0 | 0 7 7 70 6 4 0 | 0 14 14 43 -2 4 
 21 LOD   0   4  22  21  27	0 0 0 0 6 4 | 0 1 1 92 6 4 0 | 0 7 7 70 6 4 0 | 0 14 14 43 -2 4 -2 
 22 LOD   0   5  23  21  28	0 0 0 0 6 4 | 0 1 1 92 6 4 0 | 0 7 7 70 6 4 0 | 0 14 14 43 -2 4 -2 4 
 23 OPR   0   2  24  21  27	0 0 0 0 6 4 | 0 1 1 92 6 4 0 | 0 7 7 70 6 4 0 | 0 14 14 43 -2 4 2 
 24 STO   0   0  25  21  26	0 0 0 0 6 4 | 0 1 1 92 6 4 0 | 0 7 7 70 6 4 0 | 2 14 14 43 -2 4 
 25 OPR   0   0  43  14  20	0 0 0 0 6 4 | 0 1 1 92 6 4 0 | 0 7 7 70 6 4 0 
 43 INC   0   1  44  14  21	0 0 0 0 6 4 | 0 1 1 92 6 4 0 | 0 7 7 70 6 4 0 2 
 44 STO   0   6  45  14  20	0 0 0 0 6 4 | 0 1 1 92 6 4 0 | 0 7 7 70 6 4 2 
 45 LOD   0   6  46  14  21	0 0 0 0 6 4 | 0 1 1 92 6 4 0 | 0 7 7 70 6 4 2 2 
 46 LIT   0   0  47  14  22	0 0 0 0 6 4 | 0 1 1 92 6 4 0 | 0 7 7 70 6 4 2 2 0 
 47 OPR   0   9  48  14  21	0 0 0 0 6 4 | 0 1 1 92 6 4 0 | 0 7 7 70 6 4 2 1 
 48 JPC   0  61  49  14  20	0 0 0 0 6 4 | 0 1 1 92 6 4 0 | 0 7 7 70 6 4 2 
 49 LOD   0   5  50  14  21	0 0 0 0 6 4 | 0 1 1 92 6 4 0 | 0 7 7 70 6 4 2 4 
 50 STO   0   4  51  14  20	0 0 0 0 6 4 | 0 1 1 92 6 4 0 | 0 7 7 70 4 4 2 
 51 LOD   0   6  52  14  21	0 0 0 0 6 4 | 0 1 1 92 6 4 0 | 0 7 7 70 4 4 2 2 
 52 STO   0   5  53  14  20	0 0 0 0 6 4 | 0 1 1 92 6 4 0 | 0 7 7 70 4 2 2 
 53 INC   0   4  54  14  24	0 0 0 0 6 4 | 0 1 1 92 6 4 0 | 0 7 7 70 4 2 2 2 0 14 43 
 54 LOD   0   4  55  14  25	0 0 0 0 6 4 | 0 1 1 92 6 4 0 | 0 7 7 70 4 2 2 2 0 14 43 4 
 55 LOD   0   5  56  14  26	0 0 0 0 6 4 | 0 1 1 92 6 4 0 | 0 7 7 70 4 2 2 2 0 14 43 4 2 
 56 INC   0  -6  57  14  20	0 0 0 0 6 4 | 0 1 1 92 6 4 0 | 0 7 7 70 4 2 2 
 57 CAL   0  10  10  21  20	0 0 0 0 6 4 | 0 1 1 92 6 4 0 | 0 7 7 70 4 2 2 
 10 JMP   0  11  11  21  20	0 0 0 0 6 4 | 0 1 1 92 6 4 0 | 0 7 7 70 4 2 2 
 11 INC   0   6  12  21  26	0 0 0 0 6 4 | 0 1 1 92 6 4 0 | 0 7 7 70 4 2 2 | 0 14 14 58 4 2 
 12 LOD   0   4  13  21  27	0 0 0 0 6 4 | 0 1 1 92 6 4 0 | 0 7 7 70 4 2 2 | 0 14 14 58 4 2 4 
 13 LIT   0   0  14  21  28	0 0 0 0 6 4 | 0 1 1 92 6 4 0 | 0 7 7 70 4 2 2 | 0 14 14 58 4 2 4 0 
 14 OPR   0  13  15  21  27	0 0 0 0 6 4 | 0 1 1 92 6 4 0 | 0 7 7 70 4 2 2 | 0 14 14 58 4 2 1 
 15 JPC   0  21  16  21  26	0 0 0 0 6 4 | 0 1 1 92 6 4 0 | 0 7 7 70 4 2 2 | 0 14 14 58 4 2 
 16 LOD   0   4  17  21  27	0 0 0 0 6 4 | 0 1 1 92 6 4 0 | 0 7 7 70 4 2 2 | 0 14 14 58 4 2 4 
 17 LOD   0   5  18  21  28	0 0 0 0 6 4 | 0 1 1 92 6 4 0 | 0 7 7 70 4 2 2 | 0 14 14 58 4 2 4 2 
 18 OPR   0   3  19  21  27	0 0 0 0 6 4 | 0 1 1 92 6 4 0 | 0 7 7 70 4 2 2 | 0 14 14 58 4 2 2 
 19 STO   0   4  20  21  26	0 0 0 0 6 4 | 0 1 1 92 6 4 0 | 0 7 7 70 4 2 2 | 0 14 14 58 2 2 
 20 JMP   0  12  12  21  26	0 0 0 0 6 4 | 0 1 1 92 6 4 0 | 0 7 7 70 4 2 2 | 0 14 14 58 2 2 
 12 LOD   0   4  13  21  27	0 0 0 0 6 4 | 0 1 1 92 6 4 0 | 0 7 7 70 4 2 2 | 0 14 14 58 2 2 2 
 13 LIT   0   0  14  21  28	0 0 0 0 6 4 | 0 1 1 92 6 4 0 | 0 7 7 70 4 2 2 | 0 14 14 58 2 2 2 0 
 14 OPR   0  13  15  21  27	0 0 0 0 6 4 | 0 1 1 92 6 4 0 | 0 7 7 70 4 2 2 | 0 14 14 58 2 2 1 
 15 JPC   0  21  16  21  26	0 0 0 0 6 4 | 0 1 1 92 6 4 0 | 0 7 7 70 4 2 2 | 0 14 14 58 2 2 
 16 LOD   0   4  17  21  27	0 0 0 0 6 4 | 0 1 1 92 6 4 0 | 0 7 7 70 4 2 2 | 0 14 14 58 2 2 2 
 17 LOD   0   5  18  21  28	0 0 0 0 6 4 | 0 1 1 92 6 4 0 | 0 7 7 70 4 2 2 | 0 14 14 58 2 2 2 2 
 18 OPR   0   3  19  21  27	0 0 0 0 6 4 | 0 1 1 92 6 4 0 | 0 7 7 70 4 2 2 | 0 14 14 58 2 2 0 
 19 STO   0   4  20  21  26	0 0 0 0 6 4 | 0 1 1 92 6 4 0 | 0 7 7 70 4 2 2 | 0 14 14 58 0 2 
 20 JMP   0  12  12  21  26	0 0 0 0 6 4 | 0 1 1 92 6 4 0 | 0 7 7 70 4 2 2 | 0 14 14 58 0 2 
 12 LOD   0   4  13  21  27	0 0 0 0 6 4 | 0 1 1 92 6 4 0 | 0 7 7 70 4 2 2 | 0 14 14 58 0 2 0 
 13 LIT   0   0  14  21  28	0 0 0 0 6 4 | 0 1 1 92 6 4 0 | 0 7 7 70 4 2 2 | 0 14 14 58 0 2 0 0 
 14 OPR   0  13  15  21  27	0 0 0 0 6 4 | 0 1 1 92 6 4 0 | 0 7 7 70 4 2 2 | 0 14 14 58 0 2 1 
 15 JPC   0  21  16  21  26	0 0 0 0 6 4 | 0 1 1 92 6 4 0 | 0 7 7 70 4 2 2 | 0 14 14 58 0 2 
 16 LOD   0   4  17  21  27	0 0 0 0 6 4 | 0 1 1 92 6 4 0 | 0 7 7 70 4 2 2 | 0 14 14 58 0 2 0 
 17 LOD   0   5  18  21  28	0 0 0 0 6 4 | 0 1 1 92 6 4 0 | 0 7 7 70 4 2 2 | 0 14 14 58 0 2 0 2 
 18 OPR   0   3  19  21  27	0 0 0 0 6 4 | 0 1 1 92 6 4 0 | 0 7 7 70 4 2 2 | 0 14 14 58 0 2 -2 
 19 STO   0   4  20  21  26	0 0 0 0 6 4 | 0 1 1 92 6 4 0 | 0 7 7 70 4 2 2 | 0 14 14 58 -2 2 
 20 JMP   0  12  12  21  26	0 0 0 0 6 4 | 0 1 1 92 6 4 0 | 0 7 7 70 4 2 2 | 0 14 14 58 -2 2 
 12 LOD   0   4  13  21  27	0 0 0 0 6 4 | 0 1 1 92 6 4 0 | 0 7 7 70 4 2 2 | 0 14 14 58 -2 2 -2 
 13 LIT   0   0  14  21  28	0 0 0 0 6 4 | 0 1 1 92 6 4 0 | 0 7 7 70 4 2 2 | 0 14 14 58 -2 2 -2 0 
 14 OPR   0  13  15  21  27	0 0 0 0 6 4 | 0 1 1 92 6 4 0 | 0 7 7 70 4 2 2 | 0 14 14 58 -2 2 0 
 15 JPC   0  21  21  21  26	0 0 0 0 6 4 | 0 1 1 92 6 4 0 | 0 7 7 70 4 2 2 | 0 14 14 58 -2 2 
 21 LOD   0   4  22  21  27	0 0 0 0 6 4 | 0 1 1 92 6 4 0 | 0 7 7 70 4 2 2 | 0 14 14 58 -2 2 -2 
 22 LOD   0   5  23  21  28	0 0 0 0 6 4 | 0 1 1 92 6 4 0 | 0 7 7 70 4 2 2 | 0 14 14 58 -2 2 -2 2 
 23 OPR   0   2  24  21  27	0 0 0 0 6 4 | 0 1 1 92 6 4 0 | 0 7 7 70 4 2 2 | 0 14 14 58 -2 2 0 
 24 STO   0   0  25  21  26	0 0 0 0 6 4 | 0 1 1 92 6 4 0 | 0 7 7 70 4 2 2 | 0 14 14 58 -2 2 
 25 OPR   0   0  58  14  20	0 0 0 0 6 4 | 0 1 1 92 6 4 0 | 0 7 7 70 4 2 2 
 58 INC   0   1  59  14  21	0 0 0 0 6 4 | 0 1 1 92 6 4 0 | 0 7 7 70 4 2 2 0 
 59 STO   0   6  60  14  20	0 0 0 0 6 4 | 0 1 1 92 6 4 0 | 0 7 7 70 4 2 0 
 60 JMP   0  45  45  14  20	0 0 0 0 6 4 | 0 1 1 92 6 4 0 | 0 7 7 70 4 2 0 
 45 LOD   0   6  46  14  21	0 0 0 0 6 4 | 0 1 1 92 6 4 0 | 0 7 7 70 4 2 0 0 
 46 LIT   0   0  47  14  22	0 0 0 0 6 4 | 0 1 1 92 6 4 0 | 0 7 7 70 4 2 0 0 0 
 47 OPR   0   9  48  14  21	0 0 0 0 6 4 | 0 1 1 92 6 4 0 | 0 7 7 70 4 2 0 0 
 48 JPC   0  61  61  14  20	0 0 0 0 6 4 | 0 1 1 92 6 4 0 | 0 7 7 70 4 2 0 
 61 LOD   0   5  62  14  21	0 0 0 0 6 4 | 0 1 1 92 6 4 0 | 0 7 7 70 4 2 0 2 
 62 STO   0   0  63  14  20	0 0 0 0 6 4 | 0 1 1 92 6 4 0 | 2 7 7 70 4 2 0 
 63 OPR   0   0  70   7  13	0 0 0 0 6 4 | 0 1 1 92 6 4 0 
 70 INC   0   1  71   7  14	0 0 0 0 6 4 | 0 1 1 92 6 4 0 2 
 71 STO   0   6  72   7  13	0 0 0 0 6 4 | 0 1 1 92 6 4 2 
 72 LOD   0   4  73   7  14	0 0 0 0 6 4 | 0 1 1 92 6 4 2 6 
 73 LOD   0   6  74   7  15	0 0 0 0 6 4 | 0 1 1 92 6 4 2 6 2 
 74 OPR   0   5  75   7  14	0 0 0 0 6 4 | 0 1 1 92 6 4 2 3 
 75 STO   0   4  76   7  13	0 0 0 0 6 4 | 0 1 1 92 3 4 2 
 76 LOD   0   5  77   7  14	0 0 0 0 6 4 | 0 1 1 92 3 4 2 4 
 77 LOD   0   6  78   7  15	0 0 0 0 6 4 | 0 1 1 92 3 4 2 4 2 
 78 OPR   0   5  79   7  14	0 0 0 0 6 4 | 0 1 1 92 3 4 2 2 
 79 STO   0   5  80   7  13	0 0 0 0 6 4 | 0 1 1 92 3 2 2 
 80 CAL   0   2   2  14  13	0 0 0 0 6 4 | 0 1 1 92 3 2 2 
  2 JMP   0   3   3  14  13	0 0 0 0 6 4 | 0 1 1 92 3 2 2 
  3 INC   0   4   4  14  17	0 0 0 0 6 4 | 0 1 1 92 3 2 2 | 0 7 7 81 
  4 LOD   1   4   5  14  18	0 0 0 0 6 4 | 0 1 1 92 3 2 2 | 0 7 7 81 3 
  5 SIO   0   1   6  14  17	0 0 0 0 6 4 | 0 1 1 92 3 2 2 | 0 7 7 81 
  6 LOD   1   5   7  14  18	0 0 0 0 6 4 | 0 1 1 92 3 2 2 | 0 7 7 81 2 
  7 SIO   0   1   8  14  17	0 0 0 0 6 4 | 0 1 1 92 3 2 2 | 0 7 7 81 
  8 OPR   0   0  81   7  13	0 0 0 0 6 4 | 0 1 1 92 3 2 2 
 81 OPR   0   0  92   1   6	0 0 0 0 6 4 
 92 SIO   0   3 
Successfully halted.
