0	JMP	0	27
1	JMP	0	2
2	INC	0	5
3	LOD	1	5
4	STO	0	4
5	LOD	1	5
6	LIT	0	1
7	OPR	0	3 (SUB)
8	STO	1	5
9	LOD	1	5
10	LIT	0	0
11	OPR	0	8 (EQL)
12	JPC	0	16
13	LIT	0	1
14	STO	1	4
15	JMP	0	16
16	LOD	1	5
17	LIT	0	0
18	OPR	0	12 (GTR)
19	JPC	0	22
20	CAL	1	1
21	JMP	0	22
22	LOD	1	4
23	LOD	0	4
24	OPR	0	4 (MUL)
25	STO	1	4
26	OPR	0	0 (RET)
27	INC	0	6
28	LIT	0	3
29	STO	0	5
30	CAL	0	1
31	LOD	0	4
32	SIO	0	1
33	SIO	0	3
  0 JMP   0  27  27   1   0	
 27 INC   0   6  28   1   6	0 0 0 0 0 0 
 28 LIT   0   3  29   1   7	0 0 0 0 0 0 3 
 29 STO   0   5  30   1   6	0 0 0 0 0 3 
 30 CAL   0   1   1   7   6	0 0 0 0 0 3 
  1 JMP   0   2   2   7   6	0 0 0 0 0 3 
  2 INC   0   5   3   7  11	0 0 0 0 0 3 | 0 1 1 31 0 
  3 LOD   1   5   4   7  12	0 0 0 0 0 3 | 0 1 1 31 0 3 
  4 STO   0   4   5   7  11	0 0 0 0 0 3 | 0 1 1 31 3 
  5 LOD   1   5   6   7  12	0 0 0 0 0 3 | 0 1 1 31 3 3 
  6 LIT   0   1   7   7  13	0 0 0 0 0 3 | 0 1 1 31 3 3 1 
  7 OPR   0   3   8   7  12	0 0 0 0 0 3 | 0 1 1 31 3 2 
  8 STO   1   5   9   7  11	0 0 0 0 0 2 | 0 1 1 31 3 
  9 LOD   1   5  10   7  12	0 0 0 0 0 2 | 0 1 1 31 3 2 
 10 LIT   0   0  11   7  13	0 0 0 0 0 2 | 0 1 1 31 3 2 0 
 11 OPR   0   8  12   7  12	0 0 0 0 0 2 | 0 1 1 31 3 0 
 12 JPC   0  16  16   7  11	0 0 0 0 0 2 | 0 1 1 31 3 
 16 LOD   1   5  17   7  12	0 0 0 0 0 2 | 0 1 1 31 3 2 
 17 LIT   0   0  18   7  13	0 0 0 0 0 2 | 0 1 1 31 3 2 0 
 18 OPR   0  12  19   7  12	0 0 0 0 0 2 | 0 1 1 31 3 1 
 19 JPC   0  22  20   7  11	0 0 0 0 0 2 | 0 1 1 31 3 
 20 CAL   1   1   1  12  11	0 0 0 0 0 2 | 0 1 1 31 3 
  1 JMP   0   2   2  12  11	0 0 0 0 0 2 | 0 1 1 31 3 
  2 INC   0   5   3  12  16	0 0 0 0 0 2 | 0 1 1 31 3 | 0 1 7 21 0 
  3 LOD   1   5   4  12  17	0 0 0 0 0 2 | 0 1 1 31 3 | 0 1 7 21 0 2 
  4 STO   0   4   5  12  16	0 0 0 0 0 2 | 0 1 1 31 3 | 0 1 7 21 2 
  5 LOD   1   5   6  12  17	0 0 0 0 0 2 | 0 1 1 31 3 | 0 1 7 21 2 2 
  6 LIT   0   1   7  12  18	0 0 0 0 0 2 | 0 1 1 31 3 | 0 1 7 21 2 2 1 
  7 OPR   0   3   8  12  17	0 0 0 0 0 2 | 0 1 1 31 3 | 0 1 7 21 2 1 
  8 STO   1   5   9  12  16	0 0 0 0 0 1 | 0 1 1 31 3 | 0 1 7 21 2 
  9 LOD   1   5  10  12  17	0 0 0 0 0 1 | 0 1 1 31 3 | 0 1 7 21 2 1 
 10 LIT   0   0  11  12  18	0 0 0 0 0 1 | 0 1 1 31 3 | 0 1 7 21 2 1 0 
 11 OPR   0   8  12  12  17	0 0 0 0 0 1 | 0 1 1 31 3 | 0 1 7 21 2 0 
 12 JPC   0  16  16  12  16	0 0 0 0 0 1 | 0 1 1 31 3 | 0 1 7 21 2 
 16 LOD   1   5  17  12  17	0 0 0 0 0 1 | 0 1 1 31 3 | 0 1 7 21 2 1 
 17 LIT   0   0  18  12  18	0 0 0 0 0 1 | 0 1 1 31 3 | 0 1 7 21 2 1 0 
 18 OPR   0  12  19  12  17	0 0 0 0 0 1 | 0 1 1 31 3 | 0 1 7 21 2 1 
 19 JPC   0  22  20  12  16	0 0 0 0 0 1 | 0 1 1 31 3 | 0 1 7 21 2 
 20 CAL   1   1   1  17  16	0 0 0 0 0 1 | 0 1 1 31 3 | 0 1 7 21 2 
  1 JMP   0   2   2  17  16	0 0 0 0 0 1 | 0 1 1 31 3 | 0 1 7 21 2 
  2 INC   0   5   3  17  21	0 0 0 0 0 1 | 0 1 1 31 3 | 0 1 7 21 2 | 0 1 12 21 0 
  3 LOD   1   5   4  17  22	0 0 0 0 0 1 | 0 1 1 31 3 | 0 1 7 21 2 | 0 1 12 21 0 1 
  4 STO   0   4   5  17  21	0 0 0 0 0 1 | 0 1 1 31 3 | 0 1 7 21 2 | 0 1 12 21 1 
  5 LOD   1   5   6  17  22	0 0 0 0 0 1 | 0 1 1 31 3 | 0 1 7 21 2 | 0 1 12 21 1 1 
  6 LIT   0   1   7  17  23	0 0 0 0 0 1 | 0 1 1 31 3 | 0 1 7 21 2 | 0 1 12 21 1 1 1 
  7 OPR   0   3   8  17  22	0 0 0 0 0 1 | 0 1 1 31 3 | 0 1 7 21 2 | 0 1 12 21 1 0 
  8 STO   1   5   9  17  21	0 0 0 0 0 0 | 0 1 1 31 3 | 0 1 7 21 2 | 0 1 12 21 1 
  9 LOD   1   5  10  17  22	0 0 0 0 0 0 | 0 1 1 31 3 | 0 1 7 21 2 | 0 1 12 21 1 0 
 10 LIT   0   0  11  17  23	0 0 0 0 0 0 | 0 1 1 31 3 | 0 1 7 21 2 | 0 1 12 21 1 0 0 
 11 OPR   0   8  12  17  22	0 0 0 0 0 0 | 0 1 1 31 3 | 0 1 7 21 2 | 0 1 12 21 1 1 
 12 JPC   0  16  13  17  21	0 0 0 0 0 0 | 0 1 1 31 3 | 0 1 7 21 2 | 0 1 12 21 1 
 13 LIT   0   1  14  17  22	0 0 0 0 0 0 | 0 1 1 31 3 | 0 1 7 21 2 | 0 1 12 21 1 1 
 14 STO   1   4  15  17  21	0 0 0 0 1 0 | 0 1 1 31 3 | 0 1 7 21 2 | 0 1 12 21 1 
 15 JMP   0  16  16  17  21	0 0 0 0 1 0 | 0 1 1 31 3 | 0 1 7 21 2 | 0 1 12 21 1 
 16 LOD   1   5  17  17  22	0 0 0 0 1 0 | 0 1 1 31 3 | 0 1 7 21 2 | 0 1 12 21 1 0 
 17 LIT   0   0  18  17  23	0 0 0 0 1 0 | 0 1 1 31 3 | 0 1 7 21 2 | 0 1 12 21 1 0 0 
 18 OPR   0  12  19  17  22	0 0 0 0 1 0 | 0 1 1 31 3 | 0 1 7 21 2 | 0 1 12 21 1 0 
 19 JPC   0  22  22  17  21	0 0 0 0 1 0 | 0 1 1 31 3 | 0 1 7 21 2 | 0 1 12 21 1 
 22 LOD   1   4  23  17  22	0 0 0 0 1 0 | 0 1 1 31 3 | 0 1 7 21 2 | 0 1 12 21 1 1 
 23 LOD   0   4  24  17  23	0 0 0 0 1 0 | 0 1 1 31 3 | 0 1 7 21 2 | 0 1 12 21 1 1 1 
 24 OPR   0   4  25  17  22	0 0 0 0 1 0 | 0 1 1 31 3 | 0 1 7 21 2 | 0 1 12 21 1 1 
 25 STO   1   4  26  17  21	0 0 0 0 1 0 | 0 1 1 31 3 | 0 1 7 21 2 | 0 1 12 21 1 
 26 OPR   0   0  21  12  16	0 0 0 0 1 0 | 0 1 1 31 3 | 0 1 7 21 2 
 21 JMP   0  22  22  12  16	0 0 0 0 1 0 | 0 1 1 31 3 | 0 1 7 21 2 
 22 LOD   1   4  23  12  17	0 0 0 0 1 0 | 0 1 1 31 3 | 0 1 7 21 2 1 
 23 LOD   0   4  24  12  18	0 0 0 0 1 0 | 0 1 1 31 3 | 0 1 7 21 2 1 2 
 24 OPR   0   4  25  12  17	0 0 0 0 1 0 | 0 1 1 31 3 | 0 1 7 21 2 2 
 25 STO   1   4  26  12  16	0 0 0 0 2 0 | 0 1 1 31 3 | 0 1 7 21 2 
 26 OPR   0   0  21   7  11	0 0 0 0 2 0 | 0 1 1 31 3 
 21 JMP   0  22  22   7  11	0 0 0 0 2 0 | 0 1 1 31 3 
 22 LOD   1   4  23   7  12	0 0 0 0 2 0 | 0 1 1 31 3 2 
 23 LOD   0   4  24   7  13	0 0 0 0 2 0 | 0 1 1 31 3 2 3 
 24 OPR   0   4  25   7  12	0 0 0 0 2 0 | 0 1 1 31 3 6 
 25 STO   1   4  26   7  11	0 0 0 0 6 0 | 0 1 1 31 3 
 26 OPR   0   0  31   1   6	0 0 0 0 6 0 
 31 LOD   0   4  32   1   7	0 0 0 0 6 0 6 
 32 SIO   0   1  33   1   6	0 0 0 0 6 0 
 33 SIO   0   3 
Successfully halted.
