0	JMP	0	6
1	JMP	0	2
2	INC	0	9
3	LIT	0	11
4	STO	0	0
5	OPR	0	0 (RET)
6	INC	0	5
7	INC	0	4
8	LIT	0	1
9	LIT	0	2
10	LIT	0	3
11	LIT	0	4
12	LIT	0	5
13	INC	0	-9
14	CAL	0	1
15	INC	0	4
16	LIT	0	6
17	LIT	0	7
18	LIT	0	8
19	LIT	0	9
20	LIT	0	10
21	INC	0	-9
22	CAL	0	1
23	INC	0	1
24	STO	0	4
25	SIO	0	3
  0 JMP   0   6   6   1   0	
  6 INC   0   5   7   1   5	0 0 0 0 0 
  7 INC   0   4   8   1   9	0 0 0 0 0 0 0 0 0 
  8 LIT   0   1   9   1  10	0 0 0 0 0 0 0 0 0 1 
  9 LIT   0   2  10   1  11	0 0 0 0 0 0 0 0 0 1 2 
 10 LIT   0   3  11   1  12	0 0 0 0 0 0 0 0 0 1 2 3 
 11 LIT   0   4  12   1  13	0 0 0 0 0 0 0 0 0 1 2 3 4 
 12 LIT   0   5  13   1  14	0 0 0 0 0 0 0 0 0 1 2 3 4 5 
 13 INC   0  -9  14   1   5	0 0 0 0 0 
 14 CAL   0   1   1   6   5	0 0 0 0 0 
  1 JMP   0   2   2   6   5	0 0 0 0 0 
  2 INC   0   9   3   6  14	0 0 0 0 0 | 0 1 1 15 1 2 3 4 5 
  3 LIT   0  11   4   6  15	0 0 0 0 0 | 0 1 1 15 1 2 3 4 5 11 
  4 STO   0   0   5   6  14	0 0 0 0 0 | 11 1 1 15 1 2 3 4 5 
  5 OPR   0   0  15   1   5	0 0 0 0 0 
 15 INC   0   4  16   1   9	0 0 0 0 0 11 1 1 15 
 16 LIT   0   6  17   1  10	0 0 0 0 0 11 1 1 15 6 
 17 LIT   0   7  18   1  11	0 0 0 0 0 11 1 1 15 6 7 
 18 LIT   0   8  19   1  12	0 0 0 0 0 11 1 1 15 6 7 8 
 19 LIT   0   9  20   1  13	0 0 0 0 0 11 1 1 15 6 7 8 9 
 20 LIT   0  10  21   1  14	0 0 0 0 0 11 1 1 15 6 7 8 9 10 
 21 INC   0  -9  22   1   5	0 0 0 0 0 
 22 CAL   0   1   1   6   5	0 0 0 0 0 
  1 JMP   0   2   2   6   5	0 0 0 0 0 
  2 INC   0   9   3   6  14	0 0 0 0 0 | 0 1 1 23 6 7 8 9 10 
  3 LIT   0  11   4   6  15	0 0 0 0 0 | 0 1 1 23 6 7 8 9 10 11 
  4 STO   0   0   5   6  14	0 0 0 0 0 | 11 1 1 23 6 7 8 9 10 
  5 OPR   0   0  23   1   5	0 0 0 0 0 
 23 INC   0   1  24   1   6	0 0 0 0 0 11 
 24 STO   0   4  25   1   5	0 0 0 0 11 
 25 SIO   0   3 
Successfully halted.
