0	JMP	0	6
1	JMP	0	2
2	INC	0	9
3	LIT	0	11
4	STO	0	0
5	OPR	0	0 (RET)
6	INC	0	5
7	LIT	0	1
8	LIT	0	2
9	LIT	0	3
10	LIT	0	4
11	LIT	0	5
12	STO	0	13
13	STO	0	12
14	STO	0	11
15	STO	0	10
16	STO	0	9
17	CAL	0	1
18	LIT	0	6
19	LIT	0	7
20	LIT	0	8
21	LIT	0	9
22	LIT	0	10
23	STO	0	13
24	STO	0	12
25	STO	0	11
26	STO	0	10
27	STO	0	9
28	CAL	0	1
29	INC	0	1
30	STO	0	4
31	SIO	0	3
  0 JMP   0   6   6   1   0	
  6 INC   0   5   7   1   5	0 0 0 0 0 
  7 LIT   0   1   8   1   6	0 0 0 0 0 1 
  8 LIT   0   2   9   1   7	0 0 0 0 0 1 2 
  9 LIT   0   3  10   1   8	0 0 0 0 0 1 2 3 
 10 LIT   0   4  11   1   9	0 0 0 0 0 1 2 3 4 
 11 LIT   0   5  12   1  10	0 0 0 0 0 1 2 3 4 5 
 12 STO   0  13  13   1   9	0 0 0 0 0 1 2 3 4 
 13 STO   0  12  14   1   8	0 0 0 0 0 1 2 3 
 14 STO   0  11  15   1   7	0 0 0 0 0 1 2 
 15 STO   0  10  16   1   6	0 0 0 0 0 1 
 16 STO   0   9  17   1   5	0 0 0 0 0 
 17 CAL   0   1   1   6   5	0 0 0 0 0 
  1 JMP   0   2   2   6   5	0 0 0 0 0 
  2 INC   0   9   3   6  14	0 0 0 0 0 | 0 1 1 18 1 2 3 4 5 
  3 LIT   0  11   4   6  15	0 0 0 0 0 | 0 1 1 18 1 2 3 4 5 11 
  4 STO   0   0   5   6  14	0 0 0 0 0 | 11 1 1 18 1 2 3 4 5 
  5 OPR   0   0  18   1   5	0 0 0 0 0 
 18 LIT   0   6  19   1   6	0 0 0 0 0 6 
 19 LIT   0   7  20   1   7	0 0 0 0 0 6 7 
 20 LIT   0   8  21   1   8	0 0 0 0 0 6 7 8 
 21 LIT   0   9  22   1   9	0 0 0 0 0 6 7 8 9 
 22 LIT   0  10  23   1  10	0 0 0 0 0 6 7 8 9 10 
 23 STO   0  13  24   1   9	0 0 0 0 0 6 7 8 9 
 24 STO   0  12  25   1   8	0 0 0 0 0 6 7 8 
 25 STO   0  11  26   1   7	0 0 0 0 0 6 7 
 26 STO   0  10  27   1   6	0 0 0 0 0 6 
 27 STO   0   9  28   1   5	0 0 0 0 0 
 28 CAL   0   1   1   6   5	0 0 0 0 0 
  1 JMP   0   2   2   6   5	0 0 0 0 0 
  2 INC   0   9   3   6  14	0 0 0 0 0 | 0 1 1 29 6 7 8 9 10 
  3 LIT   0  11   4   6  15	0 0 0 0 0 | 0 1 1 29 6 7 8 9 10 11 
  4 STO   0   0   5   6  14	0 0 0 0 0 | 11 1 1 29 6 7 8 9 10 
  5 OPR   0   0  29   1   5	0 0 0 0 0 
 29 INC   0   1  30   1   6	0 0 0 0 0 11 
 30 STO   0   4  31   1   5	0 0 0 0 11 
 31 SIO   0   3 
Successfully halted.
